279363
33614
-726033
-774008
-961782
285142
405940
606104
-601886
-968966
-249111
-371286
-94272
-586113
621506
-754141
-784769
408302
598300
-238711
-486139
-131519
-538608
-63904
-502625
-356421
-958219
-627544
-255333
395240
931233
696116
515404
643478
-87773
879824
638843
-529796
266148
-625149
-119601
-121389
327660
124778
291690
224439
-167024
93192
651429
-277514
-844486
297542
-680736
457236
432047
-724012
-290671
956776
637264
433492
425222
205318
-17193
70821
538105
-592078
106852
-385630
369094
-186944
-633216
-354870
-892600
-766474
-358058
-551494
-464562
708079
959717
656564
614720
662244
-70882
158089
-446130
-169118
6395
-278832
47548
-997062
765659
-829050
-202325
827453
748170
570523
-159801
195434
108262
855636
