-579710
861878
-389390
109842
80661
2417
752452
-154708
525706
65862
872223
822338
-756476
-69632
-550603
-904314
-469210
-302476
-292039
-326074
432157
-453698
-485038
-510160
357323
-992540
-815615
-297947
-913701
-608784
-445736
316591
861662
-363998
-354786
-969287
-245878
-914306
375949
-745482
-901464
78024
83841
943156
-350554
-190276
-88258
-139025
460314
-554880
-728831
277517
629678
343467
174614
-767481
-419676
109747
656806
553360
649229
-556879
635879
510412
-732964
106128
389111
-824897
-240899
940819
742673
-227822
-717921
-424311
831985
-822559
-858847
208899
76751
881902
-436873
461466
93777
341724
239836
-428972
-739274
80533
219488
325692
681806
-793767
-887802
628110
608515
828219
594936
560555
513316
-754644
